-34.40417821067821, -63.715290764790765, 37.896584389046474
-35.68372306563476, -62.115646336077404, 36.7996412645396
-36.93757370999407, -60.495808122693205, 35.668990281434574
-38.16161029954212, -58.85333364953782, 34.50131047296692
-39.343528075631504, -57.180312544186314, 33.29271022796116
-40.48017062901576, -55.47629505720654, 32.03859528244758
-41.556996074444676, -53.73386414615041, 30.733349175958864
-42.552432354330875, -51.943769894168604, 29.37020130442877
-43.4356087760992, -50.096027125357224, 27.94083374179964
-44.162319315862796, -48.18180454330066, 26.43462148170991
-44.631470798696874, -46.19004326489122, 24.83824590994195
-44.673984538478024, -44.148146874906104, 23.135360443995655
-44.03278326463221, -42.21836673738032, 21.305028328646376
-42.661524304116796, -40.716722425185985, 22.215852458910916
-40.86531112015058, -39.74494692748693, 25.41887089522425
-38.906445709494356, -39.153548166648044, 28.300406371694393
-36.889260989251106, -38.801746247702454, 30.269191555492842
-34.85046018650845, -38.606457375250734, 31.928707351895525
-32.804357154668836, -38.51154795191807, 32.59010706340003
-30.75616050571601, -38.48300651535696, 31.307814653608727
-28.70775775719929, -38.49552690351618, 29.9706793032589
-26.659561998111673, -38.528479066896615, 28.571020025176136
-24.611388755545786, -38.562884225875685, 27.099164150448818
-22.563007140817746, -38.5786826052955, 25.542650531290313
-20.51479721855697, -38.551573217869596, 23.8849622855212
-18.469294102909004, -38.445878199224126, 22.103441866219605
-16.435528370758128, -38.20636133581025, 20.16554728062047
-14.44859178399005, -37.71850060173226, 18.022518227774853
-12.65731673569795, -36.750818682858444, 15.600427500672884
-11.613345016520393, -35.034348873942236, 12.767642521024158
-11.684844318354969, -33.00510579533532, 9.043926317155877
-12.36887373737372, -31.078094516594554, 0.0000013103831914667519
-12.368873737373738, -31.078094516594515, 0
-20.762413787567365, -12.924624175478044, 0
endData
20
62.83
50
-34.40417821067821, -63.715290764790765, -69.40417821067824, -20.715290764790737, -3.4300238095238096, -50.41095598845599, -12.368873737373738, -31.078094516594515
